871
626
1378
174
568
775
1163
1142
719
1380
444
939
1152
1144
362
414
54
347
1319
1054
1437
1103
391
289
79
1393
1313
1066
306
960
1194
1384
835
195
227
1060
588
64
213
791
672
883
593
39
324
481
1290
309
1015
259
1267
319
734
904
205
569
498
26
992
507
303
1433
1173
1078
360
738
1053
69
1209
16
544
41
813
1309
688
761
1349
1063
11
1236
18
1435
792
720
722
1090
1369
978
36
967
427
524
164
377
328
794
216
1301
1057
1359
1260
669
296
802
747
696
589
265
1198
295
118
220
1219
820
1189
797
358
830
312
316
999
1192
389
1128
206
545
1068
1211
379
925
916
491
673
824
385
153
308
1140
1093
47
27
432
142
1362
778
1350
180
442
1065
670
436
510
941
125
805
965
765
136
477
260
727
1327
127
667
31
901
1417
167
1439
28
658
721
420
1201
913
1299
1112
1197
1137
1285
1268
557
540
715
67
169
723
613
1276
697
843
393
508
1199
604
764
1264
993
102
494
863
905
838
827
1297
366
1287
359
1156
338
801
469
966
711
963
1191
1304
945
1389
881
1208
418
1416
879
1193
1025
1272
592
1151
202
351
823
1204
610
376
255
22
100
706
320
279
1115
0
454
1076
586
1341
708
1111
1269
329
185
399
1237
222
268
638
56
774
1028
656
787
476
640
137
538
709
862
868
867
973
1425
1366
1008
1064
742
146
1119
845
411
1400
254
781
1318
1413
1342
369
1258
40
1370
728
523
811
786
365
572
1220
839
907
283
145
84
435
1442
1399
1183
651
166
614
1275
844
550
1143
101
534
974
215
8
286
1087
177
460
646
106
660
1227
93
1005
1141
899
628
50
1153
752
25
483
497
1372
2
694
1218
631
144
1410
52
763
396
957
242
276
940
1292
472
373
989
235
718
51
1029
606
193
578
1033
911
637
19
1164
1340
766
997
1277
1238
175
390
1402
107
1205
218
676
1405
204
317
183
860
893
33
73
741
266
600
1083
740
1038
553
1088
574
1177
219
70
1262
450
160
903
1315
1225
657
189
1102
1045
954
1014
603
517
99
1426
371
1337
1383
7
421
647
244
1011
1397
348
1041
509
590
1000
168
532
1046
1124
1162
1035
325
1286
1126
465
618
500
77
236
357
186
342
401
251
226
693
1396
1007
280
83
1234
602
1257
826
621
995
1024
816
1022
1039
179
234
353
269
1179
808
85
126
748
878
642
1206
354
1253
866
350
96
757
290
23
1364
72
229
773
111
53
1006
615
42
1249
1401
968
612
617
880
159
1414
68
445
1161
888
587
933
583
200
1002
607
873
434
457
201
1221
1248
345
1335
962
1428
705
495
503
528
701
323
98
1074
257
294
683
1308
471
426
1067
1346
131
526
976
332
1042
1012
1055
197
767
292
1216
1185
1037
1328
1009
1172
1030
971
931
649
382
392
89
643
1240
1040
1347
1180
659
956
977
949
352
1367
190
938
521
1339
780
829
1232
812
1099
821
1322
1077
1072
898
335
726
809
313
872
1130
95
115
920
1031
9
1348
1079
516
1415
1251
684
779
383
1365
311
961
654
685
38
865
1170
1447
922
1136
636
493
293
1230
927
1190
573
1059
171
1434
1133
1432
1154
1407
75
453
665
402
1278
143
629
1139
479
209
870
468
929
267
217
194
1123
777
598
1256
124
1441
10
716
304
1217
1391
855
599
1291
1343
625
15
1320
1131
947
554
1388
560
81
556
1052
1116
1385
76
1261
689
542
1155
46
1334
480
799
952
1312
890
942
937
132
470
1358
504
624
675
1010
930
756
953
1182
94
928
437
478
297
917
1058
398
1171
1247
609
1098
326
1105
288
527
611
1243
1356
988
788
630
1091
1448
1085
896
1127
1338
522
410
113
1095
370
431
661
1270
1184
349
178
43
762
1148
119
1305
964
563
333
1174
549
252
173
955
1241
1392
1167
1100
1283
1357
1406
703
810
958
60
1117
1332
951
825
66
1165
274
337
906
882
65
834
1379
223
199
63
211
123
804
591
1071
330
1395
270
776
555
301
619
695
714
240
633
735
772
1203
